1377
91271
13332
97430
93856
92839
86411
4749
1548
97725
85662
92812
90192
13318
10827
618
5867
93884
96158
91527
95215
96033
7677
13451
85048
721
8853
10148
13644
88955
86723
93414
10310
95673
1984
13782
86467
8936
98766
91987
10712
92936
13397
93218
9346
97850
91862
13915
11446
87224
2555
96578
96719
6254
90734
12609
85988
86604
13515
94269
10805
12757
98137
98378
3022
11861
10253
4518
93326
5856
89455
8768
98333
86362
98575
8191
1699
90776
90947
4080
91230
90023
95494
96990
86872
12233
4374
4180
89697
87340
3759
2838
6340
13457
7208
90364
8652
9262
5799
87409
90067
85976
90218
91388
89852
85886
85634
93747
12479
94741
91137
5431
2818
4451
12215
86491
226
96810
12908
89960
94453
7247
98094
96916
92085
3424
89011
93182
95034
9810
85495
89754
12956
6263
93024
93074
93464
97567
97572
9344
89257
7719
1434
94210
90406
5051
11858
8988
97657
342
7634
5741
87122
98717
6771
89519
3716
87873
96513
85327
91603
13036
6428
4583
95506
8020
86577
93156
88014
87482
92768
7427
91217
91254
94167
12478
11655
11114
13545
92492
2393
89553
1415
95888
6336
10974
91666
6804
4966
97059
5962
92374
3390
96328
41
833
90855
1354
86753
94540
64
88555
87401
4188
91274
11175
86224
91789
89518
92297
13415
89771
92168
13615
92716
5448
88502
5330
3937
89698
92075
97304
95103
97384
95122
93321
95571
85020
6630
88089
93814
98459
5623
91410
5595
1770
86777
12300
3004
13690
97397
94777
12360
88512
89014
94979
4849
97583
88067
3915
96847
97398
10772
91540
9417
96074
95732
2946
5091
89672
8353
90893
96786
91098
12081
11426
93516
96024
4658
89481
12549
1790
98462
96588
10644
432
5311
2215
8812
98503
4824
86760
7858
12095
94577
2932
91490
5851
89588
11181
7304
96098
12606
5759
93029
4460
87851
86087
4861
95116
11110
89683
2701
5481
86313
94881
6459
94221
97527
8786
6114
93657
13402
89324
3088
1508
92247
98143
10315
3936
98336
91838
85630
10519
8600
1730
7884
10403
97920
3434
11607
96115
11228
11996
90868
85991
85739
8884
88290
3333
11963
94104
8810
9396
4556
91072
7320
6779
88200
10565
5294
12802
7519
85479
85153
8092
97601
94038
87512
12269
97658
9858
96618
88513
12966
93593
87325
94070
5704
11975
8835
91747
9679
94288
88329
9295
91675
11022
9999
94386
3306
92524
12773
7905
86680
94766
85558
90385
96342
11188
92822
1542
13677
93460
1301
4463
88521
90869
8938
94308
3791
98713
4941
95261
87543
4867
3033
149
11687
13387
126
599
90392
8497
5146
86924
9826
94524
88711
90540
8539
87415
92317
97618
5132
87101
5558
5478
8856
4779
6421
3063
85323
2200
5811
89502
94809
767
88604
11596
6152
94844
92426
10021
12630
91656
96373
9062
788
94749
842
86086
728
89727
10103
5072
3871
9730
97288
6551
585
96188
87456
892
89659
12027
94110
90815
13718
94319
96282
9397
5274
459
11425
1685
7109
96775
12068
4604
92327
4498
6607
2978
89968
93828
94742
94843
86435
6818