[
    [
        0.0012589609614467787,
        0.00019130304541373387
    ],
    [
        -0.0013212954761742989,
        0.00032859096110259955
    ],
    [
        0.016508268637418395,
        0.002526582516140752
    ],
    [
        -0.014403074984774306,
        0.0015646703190180724
    ],
    [
        -0.0009638160071463058,
        0.0002753030937783313
    ],
    [
        -0.0004509902687064534,
        0.000201969098180398
    ],
    [
        0.008202634473130325,
        0.0008121451672743198
    ],
    [
        -0.017797731672634494,
        0.0009883290017545696
    ]
]