[
    [
        0.04639370645010692,
        0.15647879765347056
    ],
    [
        -0.5536415163475558,
        0.7988731919617955
    ],
    [
        0.046672630566194515,
        0.15609314026276527
    ],
    [
        0.10975262523276189,
        0.21073754251519947
    ],
    [
        -0.7571353862857072,
        0.6336629993463143
    ],
    [
        -0.750344728024133,
        0.5646828980510075
    ],
    [
        0.046672630566194515,
        0.15609314026276527
    ],
    [
        0.10975262523276189,
        0.21073754251519947
    ],
    [
        -0.7571353862857072,
        0.6336629993463143
    ],
    [
        -0.750344728024133,
        0.5646828980510075
    ]
]