[
    [
        4.933123920392926e-05,
        0.01817522673483045
    ],
    [
        -0.00016978353082975093,
        0.018481661106347608
    ],
    [
        8.399498819066945e-05,
        0.01834381827860141
    ],
    [
        1.0985357977399541e-05,
        0.018655644814003645
    ],
    [
        0.0006193953723352849,
        0.024791313338082474
    ],
    [
        0.0005000919695108243,
        0.02479720692315254
    ],
    [
        0.0003900447612388904,
        0.025021990612892224
    ],
    [
        0.00033496967744081103,
        0.02488596170806353
    ],
    [
        -0.000745397837596028,
        0.01678962812172112
    ],
    [
        0.0004447810844209622,
        0.016269232941544462
    ],
    [
        0.00016951047400506607,
        0.01871892632705568
    ],
    [
        -4.0493937675274306e-05,
        0.01833724326971477
    ],
    [
        0.0010599130502718618,
        0.024116862286180756
    ],
    [
        0.0005211228705380821,
        0.02416989732843621
    ],
    [
        0.0005716138055889868,
        0.02452312873681638
    ],
    [
        0.0006828129984024865,
        0.02521061270366174
    ]
]